0.3533334 0 0 0.1588785 0.1265823 0 0.2729412 0.03110048 0 0 0 0 1 0 0 
0.381943 0 0 0.1619938 0.1251758 0 0.2752941 0.02870813 0 0 0 0 1 0 0 
0.4053228 0 0 0.1619938 0.1251758 0 0.2752941 0.03110048 0 0 0 0 1 0 0 
0.4231512 0 0 0.1619938 0.1251758 0 0.2752941 0.02870813 0 0 0 0 1 0 0 
0.4404345 0 0 0.1619938 0.1251758 0 0.2752941 0.02870813 0 0 0 0 1 0 0 
0.4558273 0 0 0.1619938 0.1251758 0 0.2752941 0.02870813 0 0 0 0 1 0 0 
0.4697964 0 0 0.165109 0.1251758 0 0.2752941 0.02870813 0 0 0 0 1 0 0 
0.4868496 0 0 0.165109 0.1251758 0 0.2752941 0.02870813 0 0 0 0 1 0 0 
0.500779 0 0 0.165109 0.1251758 0 0.277647 0.02870813 0 0 0 0 1 0 0 
0.5225561 0 0 0.1619938 0.1251758 0 0.277647 0.03110048 0 0 0 0 1 0 0 
0.5378551 0 0 0.1588785 0.1251758 0 0.277647 0.02870813 0 0 0 0 1 0 0 
0.5546727 0 0 0.1588785 0.1251758 0 0.28 0.02870813 0 0 0 0 1 0 0 
0.5703697 0 0 0.1619938 0.1251758 0 0.28 0.03110048 0 0 0 0 1 0 0 
0.5851924 0 0 0.1588785 0.1251758 0 0.28 0.02870813 0 0 0 0 1 0 0 
0.5985953 0 0 0.1588785 0.1251758 0 0.28 0.02870813 0 0 0 0 1 0 0 
0.6118868 0 0 0.1557632 0.1237693 0 0.28 0.02870813 0 0 0 0 1 0 0 
0.6262035 0 0 0.1588785 0.1251758 0 0.28 0.03110048 0 0 0 0 1 0 0 
0.639662 0 0 0.1557632 0.1251758 0 0.28 0.02870813 0 0 0 0 1 0 0 
0.6528931 0 0 0.1588785 0.1251758 0 0.282353 0.02870813 0 0 0 0 1 0 0 
0.666538 0 0 0.1557632 0.1251758 0 0.282353 0.02870813 0 0 0 0 1 0 0 
0.685928 0 0 0.152648 0.1251758 0 0.282353 0.02631579 0 0 0 0 1 0 0 
0.7024195 0 0 0.1495327 0.1251758 0 0.282353 0.02631579 0 0 0 0 1 0 0 
0.7176322 0 0 0.1495327 0.1237693 0 0.28 0.02870813 0 0 0 0 1 0 0 
0.7400628 0 0 0.1495327 0.1237693 0 0.282353 0.02631579 0 0 0 0 1 0 0 
0.7559544 0 0 0.1495327 0.1237693 0 0.28 0.02870813 0 0 0 0 1 0 0 
0.7705581 0 0 0.1495327 0.1237693 0 0.282353 0.02870813 0 0 0 0 1 0 0 
0.7856639 0 0 0.1495327 0.1237693 0 0.282353 0.02870813 0 0 0 0 1 0 0 
0.8005958 0 0 0.1464174 0.1237693 0 0.28 0.02870813 0 0 0 0 1 0 0 
0.8159032 0 0 0.1464174 0.1237693 0 0.28 0.03110048 0 0 0 0 1 0 0 
0.8317004 0 0 0.1464174 0.1237693 0 0.28 0.03110048 0 0 0 0 1 0 0 
0.8473828 0 0 0.1464174 0.1237693 0 0.28 0.03110048 0 0 0 0 1 0 0 
0.8626648 0 0 0.1464174 0.1237693 0 0.28 0.03110048 0 0 0 0 1 0 0 
0.8786195 0 0 0.1464174 0.1237693 0 0.28 0.03110048 0 0 0 0 1 0 0 
0.8931357 0 0 0.1464174 0.1237693 0 0.28 0.03110048 0 0 0 0 1 0 0 
0.9083833 0 0 0.1433022 0.1237693 0 0.28 0.02870813 0 0 0 0 1 0 0 
0.9235055 0 0 0.1433022 0.1237693 0 0.282353 0.02870813 0 0 0 0 1 0 0 
0.9463179 0 0 0.1433022 0.1237693 0 0.282353 0.02631579 0 0 0 0 1 0 0 
0.9618734 0 0 0.1464174 0.1251758 0 0.282353 0.03110048 0 0 0 0 1 0 0 
0.9790994 0 0 0.1495327 0.1237693 0 0.282353 0.02631579 0 0 0 0 1 0 0 
0.993203 0 0 0.1682243 0.1251758 0 0.282353 0.02631579 0 0 0 0 1 0 0 
1.006952 0 0 0.1682243 0.1251758 0 0.282353 0.02631579 0 0 0 0 1 0 0 
1.02053 0 0 0.2056075 0.1237693 0 0.2847059 0.02631579 0 0 0 0 1 0 0 
1.034243 0 0 0.2523364 0.1251758 0 0.2870588 0.02631579 0 0 0 0 1 0 0 
1.047454 0.01072961 0 0.2616822 0.1251758 0 0.2870588 0.02392345 0 0 0 0 1 0 0 
1.060954 0.0472103 0 0.2803738 0.1251758 0 0.2870588 0.01913876 0 0 0 0 1 0 0 
1.074415 0.06866953 0 0.2928349 0.1251758 0 0.2894118 0.01196172 0 0 0 0 1 0 0 
1.088021 0.06866953 0 0.2928349 0.1251758 0 0.2894118 0.01196172 0 0 0 0 1 0 0 
1.103031 0.08369099 0 0.2803738 0.1251758 0 0.2941177 0.009569378 0 0 0 0 1 0 0 
1.119507 0.0944206 0 0.2741433 0.1251758 0 0.2964706 0.004784689 0 0 0 0 1 0 0 
1.134913 0.09871244 0 0.2772586 0.1251758 0 0.3011765 0 0 0 0 0 1 0 0 
1.157609 0.1287554 0 0.2741433 0.1251758 0 0.3011765 0 0 0 0 0 1 0 0 
1.173735 0.1759657 0 0.258567 0.1237693 0 0.3011765 0 0 0 0 0 1 0 0 
1.190074 0.2060086 0.008695652 0.2429907 0.1223629 0 0.3011765 0.007177033 0 0 0 0 1 0 0 
1.205253 0.2854077 0 0.2367601 0.1209564 0 0.3011765 0 0 0 0 0 1 0 0 
1.218935 0.3369099 0.002898551 0.2274143 0.1209564 0 0.3035294 0 0 0 0 0 1 0 0 
1.232243 0.3841202 0.03188406 0.2242991 0.1209564 0 0.3035294 0.002392344 0 0 0 0 1 0 0 
1.245979 0.4248927 0.04927536 0.2242991 0.1195499 0 0.3058824 0.004784689 0 0 0 0 1 0 0 
1.261002 0.4592275 0.05797102 0.2242991 0.1195499 0 0.3058824 0.004784689 0 0 0 0 1 0 0 
1.276093 0.5214592 0.06956521 0.2274143 0.1195499 0 0.3058824 0.004784689 0 0 0 0 1 0 0 
1.291208 0.555794 0.07536232 0.2242991 0.1181435 0 0.3035294 0.007177033 0 0 0 0 1 0 0 
1.307144 0.5579399 0.07536232 0.2242991 0.1181435 0 0.3035294 0.007177033 0 0 0 0 1 0 0 
1.323275 0.5214592 0.06376812 0.2242991 0.116737 0 0.3035294 0.009569378 0 0 0 0 1 0 0 
1.339263 0.4270386 0.03768116 0.2242991 0.1181435 0 0.3035294 0.01196172 0 0 0 0 1 0 0 
1.354058 0.3519313 0.005797102 0.2242991 0.1181435 0 0.3011765 0.01435407 0 0 0 0 1 0 0 
1.377484 0.3476395 0 0.2274143 0.1181435 0 0.3011765 0.01674641 0 0 0 0 1 0 0 
1.393136 0.3819743 0.03188406 0.2336449 0.1181435 0 0.3011765 0.01674641 0 0 0 0 1 0 0 
1.409855 0.4120172 0.05507246 0.2367601 0.116737 0 0.3011765 0.0215311 0 0 0 0 1 0 0 
1.42347 0.4356223 0.06086956 0.2398754 0.1181435 0 0.2988235 0.0215311 0 0 0 0 1 0 0 
1.438717 0.4635193 0.07536232 0.2523364 0.1181435 0 0.2964706 0.0215311 0 0 0 0 1 0 0 
1.452893 0.4613734 0.09855072 0.2679128 0.1181435 0 0.2894118 0.02392345 0 0 0 0 1 0 0 
1.467084 0.4248927 0.1101449 0.2928349 0.1181435 0 0.2870588 0.02631579 0 0 0 0 1 0 0 
1.481994 0.4248927 0.1101449 0.2928349 0.1181435 0 0.2870588 0.02631579 0 0 0 0 1 0 0 
1.497804 0.3733906 0.1072464 0.2990654 0.1181435 0 0.282353 0.02870813 0 0 0 0 1 0 0 
1.512625 0.3497854 0.1043478 0.2897196 0.116737 0 0.2752941 0.02870813 0 0 0 0 1 0 0 
1.527942 0.3090129 0.1014493 0.2741433 0.1153305 0 0.2658823 0.02870813 0 0 0 0 1 0 0 
1.541991 0.2639485 0.09855072 0.2616822 0.113924 0 0.2588235 0.03110048 0 0 0 0 1 0 0 
1.555627 0.2081545 0.08115942 0.2554517 0.1153305 0 0.2541176 0.03588517 0 0 0 0 1 0 0 
1.57806 0.1695279 0 0.2461059 0.116737 0 0.2564706 0.03827751 0 0 0 0 1 0 0 
1.593635 0.167382 0 0.2554517 0.1209564 0 0.2235294 0.02870813 0 0 0 0 1 0 0 
1.608664 0.1759657 0 0.2616822 0.1223629 0 0.2235294 0.03110048 0 0 0 0 1 0 0 
1.624575 0.1781116 0 0.2772586 0.1265823 0 0.2305882 0.03349282 0 0 0 0 1 0 0 
1.641098 0.1802575 0 0.2741433 0.1293952 0 0.24 0.02392345 0 0 0 0 1 0 0 
1.657298 0.1802575 0 0.2741433 0.1322082 0 0.2447059 0.02631579 0 0 0 0 1 0 0 
1.672887 0.1738197 0 0.2741433 0.1350211 0 0.2447059 0.02392345 0 0 0 0 1 0 0 
1.68827 0.1695279 0 0.2803738 0.137834 0 0.2423529 0.02392345 0 0 0 0 1 0 0 
1.703236 0.1652361 0 0.2866044 0.140647 0 0.2470588 0.0215311 0 0 0 0 1 0 0 
1.717084 0.1652361 0 0.2866044 0.1434599 0 0.2541176 0.01913876 0 0 0 0 1 0 0 
1.730484 0.1566524 0 0.2866044 0.1434599 0 0.2564706 0.01435407 0 0 0 0 1 0 0 
1.745675 0.139485 0 0.2959501 0.1476793 0 0.2729412 0.01196172 0 0 0 0 1 0 0 
1.761015 0.1094421 0 0.3115265 0.1504923 0 0.282353 0.01196172 0 0 0 0 1 0 0 
1.774961 0.1094421 0 0.3115265 0.1504923 0 0.282353 0.01196172 0 0 0 0 1 0 0 
1.798059 0.01931331 0 0.3084112 0.1434599 0 0.2847059 0.01435407 0 0 0 0 1 0 0 
1.813819 0 0 0.2990654 0.1392405 0 0.28 0.0215311 0 0 0 0 1 0 0 
1.827688 0 0 0.2990654 0.1392405 0 0.28 0.0215311 0 0 0 0 1 0 0 
1.841381 0 0 0.2959501 0.1364276 0 0.28 0.02631579 0 0 0 0 1 0 0 
1.855406 0 0 0.2772586 0.1350211 0 0.28 0.03110048 0 0 0 0 1 0 0 
1.86864 0 0 0.258567 0.1322082 0 0.28 0.04066985 0 0 0 0 1 0 0 
1.88332 0 0 0.2492212 0.1322082 0 0.277647 0.04784689 0 0 0 0 1 0 0 
1.898354 0 0 0.2398754 0.1308017 0 0.2705882 0.05263158 0 0 0 0 1 0 0 
1.91294 0 0 0.2367601 0.1265823 0 0.2705882 0.06698564 0 0 0 0 1 0 0 
1.928646 0 0 0.2367601 0.1265823 0 0.2705882 0.06698564 0 0 0 0 1 0 0 
1.943653 0 0 0.2398754 0.1293952 0 0.2494118 0.05980861 0 0 0 0 1 0 0 
1.957247 0 0 0.211838 0.1293952 0 0.2470588 0.05263158 0 0 0 0 1 0 0 
1.970549 0 0 0.2056075 0.1308017 0 0.2964706 0.0430622 0 0 0 0 1 0 0 
1.984313 0 0 0.2180685 0.1308017 0 0.3341177 0.004784689 0 0 0 0 1 0 0 
2.009149 0 0 0.2056075 0.1308017 0 0.3058824 0 0.1037736 0 0 0 1 0 0 
2.023893 0 0 0.2056075 0.1308017 0 0.3058824 0 0.1037736 0 0 0 1 0 0 
2.037927 0 0 0.2056075 0.1336146 0 0.2070588 0 0.2283019 0 0 0 1 0 0 
2.051423 0 0 0.211838 0.1364276 0 0.2941177 0 0.2283019 0 0 0 1 0 0 
2.065397 0 0 0.2305296 0.1350211 0 0.3647059 0 0.2396226 0 0 0 1 0 0 
2.078864 0 0 0.2461059 0.1364276 0 0.28 0 0.2415094 0 0 0 1 0 0 
2.092105 0 0 0.2336449 0.1364276 0 0.2470588 0 0.2320755 0 0 0 1 0 0 
2.106245 0 0 0.2679128 0.1364276 0 0.3152941 0 0.2283019 0 0 0 1 0 0 
2.120414 0 0 0.3052959 0.1322082 0 0.3811765 0 0.2339623 0 0 0 1 0 0 
2.13524 0 0 0.3052959 0.1322082 0 0.3811765 0 0.2339623 0 0 0 1 0 0 
2.149871 0 0 0.3302181 0.1308017 0 0.3270588 0 0.2528302 0 0 0 1 0 0 
2.165028 0 0 0.3208723 0.1322082 0 0.2658823 0 0.2490566 0 0 0 1 0 0 
2.180117 0 0 0.3052959 0.1336146 0 0.28 0 0.2490566 0 0 0 1 0 0 
2.203294 0 0 0.2928349 0.1336146 0 0.3082353 0 0.245283 0 0 0 1 0 0 
2.218667 0 0 0.2897196 0.1322082 0 0.3082353 0 0.2433962 0 0 0 1 0 0 
2.233106 0 0 0.2959501 0.1322082 0 0.3082353 0 0.2415094 0 0 0 1 0 0 
2.247996 0 0 0.3208723 0.1336146 0 0.3082353 0 0.2433962 0 0 0 1 0 0 
2.262686 0 0 0.3115265 0.1322082 0 0.2870588 0 0.2490566 0 0 0 1 0 0 
2.2779 0 0 0.2803738 0.1322082 0 0.2705882 0 0.2528302 0 0 0 1 0 0 
2.292529 0 0 0.2398754 0.1336146 0 0.2752941 0 0.2528302 0 0 0 1 0 0 
2.306534 0 0 0.2211838 0.1364276 0 0.282353 0.007177033 0.245283 0 0 0 1 0 0 
2.320253 0 0 0.2180685 0.140647 0 0.2870588 0.02392345 0.2358491 0 0 0 1 0 0 
2.335662 0 0 0.2180685 0.140647 0 0.2870588 0.02392345 0.2358491 0 0 0 1 0 0 
2.351514 0 0 0.2274143 0.1589311 0 0.3105882 0 0.2320755 0 0 0 1 0 0 
2.36734 0 0 0.2149533 0.188467 0 0.3317647 0 0.2320755 0 0 0 1 0 0 
2.383358 0 0 0.2024922 0.2165964 0 0.3623529 0 0.2301887 0 0 0 1 0 0 
2.398305 0 0 0.1900312 0.233474 0 0.3717647 0.06698564 0.2320755 0 0 0 1 0.03743315 0.01337793 
2.420789 0 0 0.1619938 0.2855134 0 0.3411765 0.1889952 0.2301887 0 0.04761905 0 1 0.1229947 0.03344481 
2.438087 0 0 0.1557632 0.3445851 0 0.3411765 0.2272727 0.2320755 0 0.05059524 0 1 0.1390374 0.04347826 
2.452359 0 0 0.1339564 0.4078762 0 0.3388235 0.2559808 0.2358491 0 0.04761905 0 1 0.144385 0.04682274 
2.467541 0 0 0.1246106 0.4374121 0 0.3364706 0.2488038 0.2377359 0 0.0297619 0 1 0.1283422 0.05351171 
2.484197 0.006437768 0 0.1028037 0.4303797 0 0.3482353 0.1866029 0.2358491 0 0 0 1 0.1390374 0.07692308 
2.499538 0.006437768 0 0.1028037 0.4303797 0 0.3482353 0.1866029 0.2358491 0 0 0 1 0.171123 0.09030101 
2.513415 0.01287554 0 0.07476635 0.374121 0 0.3717647 0.1244019 0.2339623 0 0.0297619 0 1 0.197861 0.05016723 
2.527557 0 0 0.05607476 0.3375528 0 0.442353 0.2320574 0.1830189 0 0.1666667 0 1 0.2459893 0.04682274 
2.541095 0 0 0.07165109 0.3811533 0 0.3764706 0.3397129 0 0 0.3303571 0 1 0.2780749 0.06688963 
2.554875 0 0 0.04672897 0.3642757 0 0.4094118 0.3899522 0 0 0.4880952 0 1 0.2780749 0.1204013 
2.568276 0 0 0.0623053 0.3558368 0 0.4588235 0.4210526 0 0 0.6071429 0 1 0.2941177 0.1839465 
2.581817 0 0 0.0623053 0.3558368 0 0.4588235 0.4210526 0 0 0.6071429 0 1 0.2941177 0.1839465 
2.595668 0 0 0.07788162 0.3459916 0 0.4847059 0.4760765 0 0 0.6815476 0 1 0.2834225 0.2541806 
2.60908 0 0 0.1028037 0.3600563 0 0.4705882 0.5382775 0 0.07058824 0.7113096 0 1 0.28877 0.2842809 
2.629676 0 0 0.1588785 0.3980309 0 0.4564706 0.576555 0 0.09411765 0.7261904 0 1 0.3048128 0.2876254 
2.645218 0 0 0.1619938 0.4500703 0 0.4611765 0.5980861 0 0.08235294 0.7321429 0 1 0.315508 0.264214 
2.658797 0 0 0.1588785 0.5316456 0 0.4682353 0.6267943 0 0.07450981 0.7440476 0 1 0.3208556 0.2541806 
2.672967 0 0 0.1557632 0.7538678 0 0.4541177 0.6555024 0 0.09803922 0.7827381 0 1 0.3208556 0.270903 
2.689293 0 0 0.165109 0.8424754 0 0.4517647 0.7105263 0 0.1176471 0.8541667 0 1 0.3903743 0.2876254 
2.70293 0 0 0.1806854 0.8945147 0 0.4470588 0.8014354 0 0.1372549 0.9642857 0 1 0.513369 0.2876254 
2.716569 0 0 0.1869159 0.8776371 0 0.4447059 0.9473684 0 0.1176471 1 0 1 0.6042781 0.2809364 
2.729738 0 0 0.1869159 0.862166 0 0.4352941 1 0 0.05882353 1 0 1 0.7433155 0.2876254 
2.74339 0 0 0.1869159 0.862166 0 0.4352941 1 0 0.05882353 1 0 1 0.7433155 0.2876254 
2.757812 0 0 0.1775701 0.8481013 0 0.4282353 1 0 0.02745098 1 0 1 0.9090909 0.2876254 
2.836134 0 0 0.1713396 0.9943741 0 0.4352941 1 0 0 1 0 1 1 0.1939799 
2.866199 0 0 0.1838006 1 0 0.4282353 1 0 0 1 0 1 1 0.1772575 
2.889141 0 0 0.2087227 1 0 0.442353 1 0 0 1 0 1 1 0.1939799 
2.91269 0 0 0.2398754 1 0 0.4494117 1 0 0 1 0 1 1 0.2040134 
2.928279 0 0 0.2741433 1 0 0.4682353 1 0 0 1 0 1 1 0.2207358 
2.943495 0 0 0.2990654 1 0 0.4635294 1 0 0 1 0 1 1 0.2441472 
2.958135 0 0 0.3489096 1 0 0.3976471 1 0 0.1058824 1 0 1 1 0.270903 
2.974867 0 0 0.3862928 1 0 0.4023529 1 0 0.09411765 1 0 1 1 0.277592 
2.990658 0 0 0.3987539 0.9620253 0 0.4070588 1 0 0 1 0 1 1 0.2307692 
3.006939 0 0 0.3956386 0.3445851 0 0.4047059 1 0 0 1 0 1 1 0.2006689 
3.023 0 0 0.4299065 0.1392405 0 0.3576471 0.9258373 0 0 1 0 1 1 0.1571906 
3.039426 0 0 0.4174455 0.1336146 0 0.3176471 0.8133971 0 0 0.9285714 0 1 1 0.1204013 
3.054894 0 0 0.4049844 0.1336146 0 0.2941177 0.7177033 0 0 0.8244048 0 1 0.9037433 0.08026756 
3.070686 0 0 0.4174455 0.137834 0 0.3529412 0.6411483 0 0 0.7380952 0 1 0.802139 0.06354515 
3.085773 0 0 0.4080997 0.140647 0 0.3976471 0.5478469 0 0 0.6636904 0 1 0.7219251 0.05685619 
3.100609 0 0 0.3987539 0.1420534 0 0.3764706 0.3923445 0 0 0.5416667 0 1 0.6042781 0.06020067 
3.114197 0 0 0.3956386 0.137834 0 0.3717647 0.3181818 0 0 0.4880952 0 1 0.5187166 0.06020067 
3.134245 0 0 0.3987539 0.1293952 0 0.3505882 0.2607656 0 0 0.4583333 0 1 0.459893 0.04347826 
3.147923 0 0 0.4517134 0.1265823 0 0.3176471 0.2607656 0 0 0.4285714 0 1 0.3743316 0.01337793 
3.161454 0 0 0.4766355 0.116737 0 0.3105882 0.2607656 0 0 0.3809524 0 1 0.3208556 0 
3.174808 0 0 0.4766355 0.116737 0 0.3105882 0.2607656 0 0 0.3809524 0 1 0.3208556 0 
3.188562 0 0 0.4984424 0.113924 0 0.3129412 0.2464115 0 0 0.297619 0 1 0.2780749 0.02006689 
3.203414 0 0 0.5015576 0.113924 0 0.2752941 0.1794258 0 0 0.2053571 0 1 0.2620321 0.05351171 
3.220053 0 0 0.4859813 0.1054852 0 0.2941177 0.08612441 0 0 0.1428571 0 1 0.2566845 0.0735786 
3.234322 0 0 0.470405 0.1040788 0 0.2894118 0.04545455 0 0 0.0952381 0 1 0.2406417 0.05685619 
3.24765 0 0 0.4579439 0.1040788 0 0.3011765 0.01435407 0 0 0.04464286 0 1 0.2406417 0.0367893 
3.262434 0 0 0.4454829 0.1012658 0 0.3129412 0.002392344 0 0 0.005952381 0 1 0.2513369 0.02006689 
3.27733 0 0 0.470405 0.09845288 0 0.2941177 0 0 0 0 0 1 0.2513369 0.03010033 
3.291669 0 0 0.4797508 0.09704641 0 0.2635294 0 0 0 0 0 1 0.2459893 0.06020067 
3.307428 0 0 0.482866 0.09985935 0 0.2588235 0 0 0 0 0 1 0.2406417 0.08361204 
3.322153 0 0 0.4766355 0.1265823 0 0.2635294 0 0 0 0 0 1 0.2566845 0.08695652 
3.34354 0 0 0.4859813 0.1336146 0 0.2988235 0 0 0 0 0 1 0.28877 0.1070234 
3.357716 0 0 0.4953271 0.137834 0 0.3247059 0 0 0 0 0 1 0.3048128 0.1204013 
3.372761 0 0 0.5109034 0.137834 0 0.3341177 0 0 0 0 0 1 0.315508 0.08695652 
3.389099 0 0 0.5140187 0.1322082 0 0.3482353 0 0 0 0 0 1 0.3208556 0.07692308 
3.404706 0 0 0.5046729 0.1322082 0 0.32 0 0 0 0 0 1 0.315508 0.06688963 
3.420853 0 0 0.4984424 0.1336146 0 0.3388235 0 0 0.01960784 0 0 1 0.3262032 0.0735786 
3.435841 0 0 0.4890966 0.1308017 0 0.3670588 0 0 0.08627451 0 0 1 0.3582888 0.1036789 
3.451003 0 0 0.4766355 0.1265823 0 0.4070588 0 0 0.2039216 0.0297619 0 1 0.3850267 0.1505017 
3.466202 0 0 0.470405 0.1251758 0 0.4541177 0 0 0.345098 0.05357143 0 1 0.4171123 0.2207358 
3.482288 0 0 0.470405 0.1251758 0 0.4541177 0 0 0.5019608 0.06845238 0 1 0.4545455 0.2909699 
3.497026 0 0 0.4735202 0.1251758 0 0.4494117 0 0.01698113 0.6431373 0.08630952 0 1 0.4812834 0.3645485 
3.511502 0 0 0.470405 0.09845288 0 0.4258823 0 0.08867925 0.7254902 0.08928572 0 1 0.4973262 0.4280936 
3.526711 0 0 0.470405 0.08579466 0 0.4258823 0 0.2490566 0.8039216 0.1011905 0.04506066 1 0.513369 0.5150502 
3.549949 0 0 0.4735202 0.07313643 0 0.4141176 0 0.3849057 0.8627451 0.1071429 0.2253033 1 0.5614973 0.632107 
3.565955 0 0 0.4735202 0.07735584 0 0.4 0 0.4433962 0.9294118 0.1130952 0.3119584 1 0.6096257 0.7525083 
3.580875 0 0 0.4797508 0.08579466 0 0.3976471 0 0.4622642 0.9921569 0.1071429 0.3431543 1 0.6524064 0.819398 
3.595583 0 0 0.470405 0.09142053 0 0.3976471 0 0.4811321 1 0.0922619 0.3968804 1 0.6951872 0.8561873 
3.610352 0 0 0.4392523 0.09985935 0 0.3670588 0 0.4792453 1 0.07142857 0.4766031 1 0.7272727 0.916388 
3.626377 0 0 0.423676 0.1209564 0 0.3294118 0 0.4943396 1 0.04166667 0.6291161 1 0.7433155 1 
3.641773 0 0 0.4174455 0.1322082 0 0.2705882 0 0.5584906 1 0.02083333 0.7677643 1 0.7593583 1 
3.657694 0 0 0.4080997 0.1575246 0.01165254 0.2305882 0 0.6 1 0.0297619 0.864818 1 0.7700534 1 
3.67296 0 0 0.3831776 0.1744023 0.00529661 0.1811765 0 0.6245283 1 0.01785714 0.9168111 1 0.7700534 1 
3.688849 0 0 0.3613707 0.1926864 0.02224576 0.1341176 0 0.6415094 1 0.01190476 0.9584056 1 0.7647059 1 
3.703905 0 0 0.3520249 0.206751 0.02966102 0.08235294 0 0.6528302 1 0 1 1 0.7486631 1 
3.719268 0 0 0.3489096 0.2039381 0.02648305 0.03294118 0 0.6811321 1 0.01190476 1 1 0.7272727 1 
3.733827 0 0 0.3395639 0.1969058 0.03072034 0 0 0.6924528 1 0.002976191 1 1 0.684492 1 
3.747751 0 0 0.3364486 0.1772152 0.02436441 0 0 0.7056604 1 0.008928572 1 1 0.657754 1 
3.768246 0 0 0.3271028 0.1575246 0.01694915 0.004705882 0 0.709434 1 0.01785714 1 1 0.6203209 1 
3.781886 0 0 0.3333333 0.1364276 0.01377119 0.01411765 0 0.7075472 1 0.02083333 1 1 0.5454546 1 
3.796773 0 0 0.3457944 0.08016878 0.007415254 0.05647059 0 0.6981132 1 0.01785714 1 1 0.4331551 1 
3.81114 0 0 0.3457944 0.08016878 0.007415254 0.05647059 0 0.6754717 1 0 1 1 0.3529412 1 
3.826867 0 0 0.3520249 0.04922644 0 0.1317647 0 0.645283 1 0 0.9948007 1 0.3208556 1 
3.84285 0 0 0.3520249 0.07313643 0 0.2235294 0 0.6056604 1 0 0.8440208 1 0.315508 0.90301 
3.858955 0 0 0.3582554 0.09985935 0 0.32 0 0.5264151 1 0.002976191 0.627383 1 0.3101604 0.8093646 
3.874223 0 0 0.3676012 0.1082982 0 0.3552941 0 0.3528302 0.9254902 0.01488095 0.2911612 1 0.2941177 0.7123746 
3.888978 0 0 0.3831776 0.1012658 0 0.3505882 0 0.2075472 0.7921569 0.01785714 0.1195841 1 0.28877 0.6153846 
3.904243 0 0 0.364486 0.09563994 0 0.3317647 0 0.1377358 0.6941177 0.005952381 0 1 0.2834225 0.5284281 
3.919143 0 0 0.3457944 0.09423348 0 0.3364706 0 0.07358491 0.6588235 0 0 1 0.2620321 0.451505 
3.934011 0 0 0.3551402 0.09563994 0 0.3317647 0 0.03207547 0.6588235 0 0 1 0.2513369 0.4046823 
3.949028 0 0 0.3582554 0.09985935 0 0.3505882 0 0.0245283 0.6117647 0.002976191 0 1 0.2513369 0.3879599 
3.972237 0 0 0.3489096 0.09985935 0 0.3764706 0 0.03584906 0.5647059 0 0 1 0.2513369 0.3946488 
3.988772 0 0 0.3395639 0.09563994 0 0.3929412 0 0.05283019 0.5529412 0 0 1 0.2620321 0.4147157 
4.004362 0 0 0.3333333 0.09563994 0 0.4094118 0 0.06415094 0.5882353 0 0.02772964 1 0.2727273 0.451505 
4.019099 0 0 0.3302181 0.09704641 0 0.4235294 0 0.08490566 0.6235294 0 0.05719237 1 0.2780749 0.4882943 
4.035807 0 0 0.3208723 0.09704641 0 0.4329412 0 0.109434 0.6588235 0 0.09532063 1 0.2727273 0.5183946 
4.051363 0 0 0.3115265 0.09704641 0 0.4305882 0 0.1584906 0.654902 0 0.1559792 1 0.2780749 0.535117 
4.066432 0 0 0.2959501 0.09563994 0 0.4188235 0 0.2283019 0.654902 0 0.2478336 1 0.28877 0.5685619 
4.081739 0 0 0.2834891 0.09282701 0 0.4023529 0 0.3226415 0.6313726 0 0.407279 1 0.2780749 0.6254181 
4.097424 0 0 0.2866044 0.09142053 0 0.3741176 0 0.3924528 0.6235294 0 0.5823224 1 0.2994652 0.6622074 
4.111349 0 0 0.2866044 0.08720113 0 0.3411765 0 0.4509434 0.6196079 0 0.6984402 1 0.315508 0.6923077 
4.125453 0 0 0.2554517 0.07594936 0 0.3035294 0 0.4924528 0.627451 0 0.7608319 1 0.3315508 0.7257525 
4.140452 0 0 0.2554517 0.07594936 0 0.3035294 0 0.5207547 0.6588235 0 0.8110918 1 0.3315508 0.7792642 
4.155222 0 0 0.2523364 0.07313643 0 0.2541176 0 0.5584906 0.6941177 0 0.8665511 1 0.3368984 0.8394649 
4.169815 0 0 0.2492212 0.07032349 0.003177966 0.2047059 0 0.6169811 0.7294118 0 0.9445407 1 0.342246 0.8829432 
4.192369 0 0 0.2429907 0.06751055 0.05190678 0.1247059 0 0.6811321 0.7372549 0 1 1 0.3368984 0.909699 
4.207122 0 0 0.2429907 0.06469761 0.1059322 0.01647059 0 0.7301887 0.7294118 0 1 1 0.342246 0.9364548 
4.22192 0 0 0.2429907 0.05907173 0.1991525 0 0.01674641 0.7622641 0.7529412 0 1 1 0.3262032 0.9866221 
4.236908 0 0 0.2398754 0.05344585 0.3209746 0 0.08373206 0.7849057 0.7882353 0 1 1 0.3262032 1 
4.251373 0 0 0.2336449 0.04360056 0.4088983 0 0.1244019 0.7924528 0.8117647 0 1 1 0.3208556 1 
4.266026 0 0 0.2242991 0.03516174 0.5010593 0 0.15311 0.7924528 0.8470588 0 1 1 0.315508 1 
4.281734 0 0 0.2242991 0.02953587 0.5889831 0 0.1818182 0.7849057 0.8705882 0 1 1 0.3048128 1 
4.296901 0 0 0.2398754 0.0323488 0.6694915 0 0.2057416 0.7830189 0.8745098 0 1 1 0.3048128 1 
4.312156 0.004291845 0 0.2492212 0.04500703 0.7097458 0 0.2057416 0.7886792 0.8627451 0 1 1 0.2994652 1 
4.327854 0.004291845 0 0.2647975 0.04360056 0.7192796 0 0.1937799 0.7943396 0.8392157 0 1 1 0.28877 1 
4.341604 0.006437768 0 0.2834891 0.04360056 0.6726695 0 0.1698565 0.7981132 0.8039216 0 1 1 0.2941177 1 
4.356424 0.008583691 0 0.3052959 0.05203938 0.5677966 0 0.1363636 0.7924528 0.7607843 0 1 1 0.2941177 1 
4.37115 0.008583691 0 0.3302181 0.03516174 0.3887712 0 0.08851675 0.7811321 0.7294118 0 1 1 0.2834225 1 
4.386423 0.01072961 0 0.3395639 0.01687764 0.1536017 0.03529412 0.0215311 0.745283 0.6901961 0 1 1 0.28877 1 
4.409071 0.01287554 0 0.3302181 0.01547117 0.02224576 0.1835294 0 0.6584905 0.682353 0 0.9220104 1 0.28877 1 
4.424377 0.01287554 0 0.3208723 0.01687764 0 0.2752941 0 0.5830188 0.7176471 0 0.8561525 1 0.28877 1 
4.439414 0.01502146 0 0.3208723 0.01547117 0 0.2917647 0 0.4603774 0.7215686 0 0.8197573 1 0.2941177 1 
4.45383 0.01716738 0 0.3146417 0.007032349 0 0.3129412 0 0.3150944 0.6666667 0 0.7694974 1 0.2994652 0.9866221 
4.468493 0.01716738 0 0.3146417 0.007032349 0 0.3129412 0 0.1867924 0.6156863 0 0.6845754 1 0.315508 0.9364548 
4.483902 0.01716738 0 0.3115265 0.008438818 0 0.3176471 0 0.1415094 0.6117647 0 0.5615251 1 0.3208556 0.8896321 
4.49897 0.02145923 0 0.3271028 0.009845288 0 0.3388235 0 0.1 0.627451 0 0.4523397 1 0.315508 0.8461539 
4.513343 0.02360515 0 0.3333333 0.01125176 0 0.3552941 0 0.08113208 0.6313726 0 0.3119584 1 0.3101604 0.8060201 
4.528313 0.02145923 0 0.3333333 0.01265823 0 0.3976471 0 0.04150943 0.6431373 0 0.2079723 1 0.2994652 0.7658863 
4.543257 0.02575107 0 0.3239875 0.01125176 0 0.4494117 0 0.009433962 0.6392157 0 0.152513 1 0.2994652 0.7190635 
4.558772 0.02360515 0 0.3208723 0.0140647 0 0.4964706 0 0.01132075 0.6392157 0 0.1161178 1 0.2941177 0.6889632 
4.573353 0.02360515 0 0.3239875 0.01687764 0 0.5058824 0 0.02075472 0.6666667 0 0.1005199 1 0.28877 0.6923077 
4.588511 0.02145923 0 0.3271028 0.01687764 0 0.5035294 0 0.03018868 0.7333333 0 0.09705373 1 0.2941177 0.7090301 
4.611001 0.02145923 0 0.3271028 0.01687764 0.00529661 0.5129412 0 0.1150943 0.772549 0 0.1005199 1 0.3048128 0.7257525 
4.625434 0.01931331 0 0.3208723 0.01828411 0.09851695 0.5505883 0 0.1981132 0.7803922 0 0.1195841 1 0.3048128 0.7458194 
4.640121 0.01716738 0 0.3084112 0.02109705 0.2298729 0.5858824 0 0.2641509 0.7921569 0 0.1299827 1 0.3048128 0.7625418 
4.655213 0.01502146 0 0.3052959 0.01687764 0.4332627 0.6141176 0 0.3056604 0.8039216 0 0.1421144 1 0.3101604 0.7859532 
4.669867 0.01287554 0 0.3021807 0.01687764 0.7838983 0.6447059 0 0.3377359 0.827451 0 0.1629116 1 0.3101604 0.8294314 
4.68482 0.01072961 0 0.2990654 0.01547117 1 0.6752941 0 0.4037736 0.8705882 0 0.1958406 1 0.315508 0.8695652 
4.69978 0.008583691 0 0.3052959 0.009845288 1 0.7035294 0 0.4566038 0.8980392 0 0.2512998 1 0.315508 0.8896321 
4.714462 0.004291845 0 0.3052959 0.01125176 1 0.7411765 0 0.4886793 0.8980392 0 0.2928943 1 0.3101604 0.90301 
4.729991 0.004291845 0 0.3084112 0.02109705 1 0.757647 0.01913876 0.5075471 0.8823529 0 0.3483536 1 0.3101604 0.9197325 
4.745133 0.004291845 0 0.3115265 0.04360056 1 0.7741176 0.04066985 0.5245283 0.854902 0 0.4315425 1 0.3101604 0.9464883 
4.759825 0.004291845 0 0.3115265 0.04360056 1 0.7741176 0.04066985 0.5245283 0.854902 0 0.4315425 1 0.3101604 0.9464883 
4.774247 0.004291845 0 0.3302181 0.0604782 1 0.7905883 0.0645933 0.5490566 0.8117647 0 0.5372617 1 0.3101604 0.9832776 
4.78964 0.006437768 0 0.3551402 0.09001406 1 0.7976471 0.07655502 0.6037736 0.7764706 0 0.6897747 1 0.315508 1 
4.804543 0.006437768 0 0.3894081 0.1012658 1 0.8 0.1124402 0.6226415 0.7764706 0 0.7435009 1 0.3048128 1 
4.82768 0.006437768 0 0.4112149 0.1082982 1 0.7882353 0.1555024 0.6320755 0.7647059 0 0.7816291 1 0.2459893 1 
4.843347 0.006437768 0 0.4299065 0.1125176 1 0.7670588 0.1746411 0.6415094 0.7607843 0 0.814558 1 0.1871658 1 
4.857193 0.004291845 0 0.4392523 0.113924 1 0.7435294 0.1818182 0.6509434 0.7686275 0 0.8284229 1 0.144385 1 
4.871565 0.004291845 0 0.4392523 0.1125176 1 0.7317647 0.1650718 0.6622642 0.772549 0 0.8284229 1 0.1336898 1 
4.886537 0.004291845 0 0.4361371 0.1111111 1 0.72 0.1148325 0.6698113 0.7686275 0 0.8180243 1 0.1283422 1 
4.902164 0.004291845 0 0.4330218 0.1054852 1 0.6964706 0.05023924 0.6754717 0.7490196 0 0.7989601 1 0.1176471 1 
4.916692 0.002145923 0 0.4267913 0.1068917 1 0.6658823 0 0.6716981 0.7176471 0 0.7642981 1 0.07486631 1 
4.931063 0 0 0.4174455 0.1082982 1 0.6423529 0 0.6528302 0.6745098 0 0.7140381 1 0.01604278 1 
4.94576 0 0 0.4018691 0.1054852 1 0.6258823 0 0.6301887 0.6352941 0 0.6568457 1 0 1 
4.96117 0 0 0.3831776 0.09282701 1 0.5976471 0.004784689 0.6056604 0.5803922 0 0.5441941 1 0 1 
4.975974 0 0 0.3831776 0.09282701 1 0.5976471 0.004784689 0.6056604 0.5803922 0 0.5441941 1 0 1 
4.990409 0 0 0.3676012 0.08579466 1 0.5529412 0.01674641 0.5735849 0.5215687 0 0.4488735 1 0 1 
5.005509 0 0 0.3582554 0.08016878 1 0.4988235 0.02392345 0.5415094 0.4862745 0 0.4038128 1 0 1 
5.020246 0 0 0.3582554 0.08157524 1 0.4752941 0.02870813 0.5396227 0.4901961 0 0.4194107 1 0 1 
5.041156 0 0 0.3582554 0.08860759 1 0.4470588 0.03827751 0.5886793 0.572549 0 0.5580589 1 0 1 
5.055678 0 0 0.3582554 0.08860759 1 0.4470588 0.03827751 0.5886793 0.572549 0 0.5580589 1 0 1 
5.071593 0 0 0.3551402 0.09704641 1 0.4682353 0.05980861 0.6283019 0.654902 0 0.6724437 1 0 1 
5.08663 0 0 0.3582554 0.1054852 1 0.5058824 0.08373206 0.6773585 0.7411765 0 0.7729636 1 0 1 
5.101716 0 0 0.3676012 0.116737 1 0.5811765 0.1124402 0.7207547 0.8117647 0 0.8786829 1 0 1 
5.116954 0 0 0.3925234 0.1125176 1 0.6658823 0.1004785 0.7716981 0.8705882 0 1 1 0 1 
5.131872 0 0 0.4080997 0.116737 1 0.7035294 0.1004785 0.7773585 0.8705882 0 1 1 0.01069519 1 
5.147248 0 0 0.4205607 0.1195499 1 0.7152941 0.1028708 0.7811321 0.8666667 0 1 1 0.005347594 1 
5.162415 0 0 0.4267913 0.1195499 1 0.7152941 0.09569378 0.7830189 0.854902 0 1 1 0 1 
5.177244 0 0 0.4267913 0.1181435 1 0.7129412 0.07894737 0.7830189 0.8235294 0 1 1 0 1 
5.191824 0 0 0.4267913 0.1181435 1 0.7129412 0.07894737 0.7830189 0.8235294 0 1 1 0 1 
5.206649 0 0 0.4267913 0.1181435 1 0.6964706 0.07655502 0.7849057 0.7607843 0 1 1 0 1 
5.22195 0 0 0.4267913 0.1209564 1 0.6611764 0.0645933 0.7830189 0.6745098 0 1 1 0 1 
5.245143 0 0 0.3800623 0.1040788 1 0.5694118 0.009569378 0.6735849 0.5019608 0 0.7435009 1 0 1 
5.260736 0 0 0.3738318 0.08720113 1 0.4917647 0.01196172 0.6037736 0.4313726 0 0.3691508 1 0 1 
5.275584 0 0 0.3707165 0.08016878 1 0.4329412 0.002392344 0.5641509 0.4196078 0 0.2114385 1 0 1 
5.290103 0 0 0.3676012 0.07876231 1 0.4047059 0 0.5622641 0.4431373 0 0.1819757 1 0 1 
5.304961 0 0 0.3738318 0.07876231 1 0.3835294 0 0.5679245 0.4745098 0 0.1473137 1 0 1 
5.319265 0 0 0.3738318 0.07876231 1 0.3835294 0 0.5679245 0.4745098 0 0.1473137 1 0 1 
5.420967 0 0 0.3925234 0.1040788 0.5858051 0.2729412 0 0.03396226 0.2117647 0 0 1 0 0.2374582 
5.444271 0 0 0.3987539 0.08157524 0.4947034 0.3011765 0 0 0 0 0 1 0.1283422 0.1772575 
5.460509 0 0 0.3894081 0.07032349 0.4502119 0.3105882 0 0 0 0 0 1 0.1604278 0.180602 
5.476332 0 0 0.3894081 0.06610408 0.4332627 0.2941177 0 0 0 0 0 1 0.2032086 0.2073579 
5.49001 0 0 0.3862928 0.07032349 0.4311441 0.2847059 0 0 0 0 0 1 0.2245989 0.2240803 
5.503557 0 0 0.3862928 0.07032349 0.4311441 0.2847059 0 0 0 0 0 1 0.2245989 0.2240803 
5.517904 0 0 0.3800623 0.07876231 0.4311441 0.2847059 0 0 0 0 0 1 0.2352941 0.2173913 
5.532183 0 0 0.3676012 0.08438819 0.4300847 0.277647 0 0 0 0 0 1 0.2299465 0.2107023 
5.55688 0 0 0.3613707 0.09142053 0.3972458 0.2964706 0 0 0 0 0 1 0.2245989 0.1103679 
5.572886 0 0 0.3613707 0.09845288 0.3834746 0.2988235 0 0 0 0 0 1 0.2032086 0.1204013 
5.588937 0 0 0.3426791 0.1054852 0.3728814 0.3082353 0 0 0.04705882 0 0 1 0.2085561 0.1170569 
5.60446 0 0 0.3084112 0.1068917 0.3442796 0.3129412 0 0 0.1568628 0 0 1 0.2352941 0.1070234 
5.618877 0 0 0.3052959 0.1293952 0.2955509 0.3388235 0 0 0.3137255 0 0 1 0.2566845 0.2073579 
5.632746 0 0 0.3271028 0.1237693 0.3061441 0.4023529 0 0 0.345098 0 0 1 0.2780749 0.3478261 
5.64758 0 0 0.3271028 0.1237693 0.3061441 0.4023529 0 0 0.345098 0 0 1 0.2780749 0.3478261 
5.661769 0 0 0.3551402 0.1223629 0.3061441 0.4164706 0 0 0.4 0.01785714 0 1 0.28877 0.4648829 
5.675694 0 0 0.3800623 0.1195499 0.3358051 0.4211765 0 0 0.4784314 0.06547619 0 1 0.3101604 0.5016723 
5.690757 0 0 0.376947 0.1251758 0.3177966 0.4258823 0 0 0.5568628 0.0922619 0 1 0.3368984 0.5518395 
5.706592 0 0 0.3426791 0.1364276 0.3082627 0.4470588 0 0 0.5921569 0.1160714 0 1 0.3582888 0.6588629 
5.722994 0 0 0.3302181 0.1504923 0.3082627 0.4541177 0 0 0.6509804 0.1428571 0 1 0.3636364 0.7458194 
5.73915 0 0 0.317757 0.1476793 0.309322 0.4517647 0 0 0.7254902 0.1696429 0 1 0.3796791 0.8294314 
5.754097 0 0 0.317757 0.137834 0.3050847 0.4682353 0 0 0.827451 0.1845238 0 1 0.4010695 0.916388 
5.777262 0 0 0.3426791 0.1265823 0.3040254 0.5035294 0 0 0.9960784 0.2589286 0.01559792 1 0.4491979 1 
5.79347 0 0 0.4112149 0.09985935 0.3082627 0.5341176 0 0.009433962 1 0.3005952 0.0797227 1 0.4705882 1 
5.809469 0 0 0.4766355 0.07876231 0.3029661 0.5717647 0 0.02641509 1 0.3452381 0.08318891 1 0.486631 1 
5.825129 0 0 0.5327103 0.1068917 0.2764831 0.6117647 0.03349282 0.03018868 1 0.3928571 0.02946274 1 0.513369 1 
5.839348 0 0 0.5700935 0.1111111 0.2680085 0.637647 0.2320574 0.003773585 1 0.5178571 0 1 0.5454546 1 
5.852961 0 0 0.5887851 0.1293952 0.279661 0.6470588 0.3636364 0.003773585 1 0.6130952 0 1 0.5614973 1 
5.867584 0 0 0.5919003 0.1434599 0.2478814 0.6423529 0.5167464 0.00754717 1 0.6815476 0 1 0.5668449 1 
5.882654 0 0 0.6137072 0.1392405 0.2341102 0.6352941 0.6100478 0.00754717 1 0.7529762 0.01039861 1 0.5508021 1 
5.897729 0 0 0.635514 0.1364276 0.2161017 0.6352941 0.6985646 0 1 0.7916667 0 1 0.5614973 1 
5.913332 0.006437768 0 0.6292835 0.1308017 0.2033898 0.6611764 0.7870814 0 1 0.8303571 0 1 0.5775401 1 
5.928574 0.006437768 0 0.6292835 0.1308017 0.2033898 0.6611764 0.7870814 0 1 0.8303571 0 1 0.5775401 1 
5.944932 0.008583691 0 0.6199377 0.1336146 0.1927966 0.7011765 0.8133971 0 1 0.8541667 0 1 0.6042781 1 
5.961478 0.008583691 0 0.6074767 0.1322082 0.190678 0.7247059 0.8444976 0 1 0.8839286 0 1 0.657754 1 
5.985379 0.01502146 0 0.6137072 0.137834 0.1970339 0.7270588 0.9521531 0 1 0.8511904 0 1 0.7486631 1 
6.001304 0.01931331 0 0.6261683 0.137834 0.2055085 0.7270588 0.9569378 0 1 0.8541667 0 1 0.7593583 1 
6.017004 0.02360515 0 0.6417446 0.1490858 0.2076271 0.7082353 0.9641148 0 1 0.9047619 0 1 0.7860963 1 
6.032723 0.027897 0 0.6448598 0.1912799 0.2055085 0.6752941 0.9617225 0 1 0.9970238 0 1 0.8235294 1 
6.046457 0.03218884 0 0.6448598 0.1969058 0.2002119 0.6658823 0.9354067 0 1 1 0 1 0.8128342 1 
6.061542 0.03433476 0 0.6479751 0.1969058 0.1917373 0.6494117 0.9282297 0 1 1 0 1 0.7754011 1 
6.076796 0.03218884 0 0.6510903 0.1940928 0.1885593 0.6235294 0.8779904 0 1 1 0 1 0.7486631 1 
6.091463 0.03004292 0 0.6448598 0.1969058 0.1853814 0.5929412 0.8038278 0 1 1 0 1 0.7379679 1 
6.106553 0.03004292 0 0.6448598 0.1969058 0.1853814 0.5929412 0.8038278 0 1 1 0 1 0.7433155 1 
6.121064 0.02145923 0 0.6292835 0.2053446 0.1811441 0.557647 0.7177033 0 1 1 0 1 0.7860963 1 
6.135636 0.01502146 0 0.6168224 0.2208157 0.1769068 0.5294118 0.6913875 0 1 1 0 1 0.8235294 1 
6.14885 0.004291845 0 0.5950156 0.2503516 0.1790254 0.4941176 0.6985646 0 1 1 0 1 0.8342246 1 
6.162426 0 0 0.5732087 0.2798875 0.1790254 0.4705882 0.6722488 0 1 1 0 1 0.828877 1 
6.176286 0 0 0.5451713 0.3080169 0.1790254 0.4305882 0.6004785 0 1 0.9255952 0 1 0.8128342 1 
6.199315 0 0 0.517134 0.3347398 0.1779661 0.3835294 0.6052632 0 1 0.8214286 0 1 0.7967914 1 
6.213682 0 0 0.4922118 0.3319269 0.1779661 0.3388235 0.6315789 0 1 0.7797619 0 1 0.7914438 1 
6.227992 0 0 0.4205607 0.3333333 0.1716102 0.3035294 0.638756 0 1 0.7678571 0 1 0.8342246 1 
6.242286 0 0 0.3862928 0.3572433 0.1652542 0.24 0.6148325 0 1 0.7470238 0 1 0.8395722 1 
6.256581 0 0 0.3676012 0.3699015 0.1599576 0.1552941 0.5311005 0 1 0.7202381 0 1 0.7647059 0.9732441 
6.269804 0 0 0.3676012 0.3699015 0.1599576 0.1552941 0.5311005 0 1 0.7202381 0 1 0.7647059 0.9732441 
6.283534 0 0 0.3333333 0.3797468 0.1557203 0.07529411 0.3421053 0 1 0.7113096 0 1 0.6791444 0.7859532 
6.298509 0 0 0.317757 0.3628692 0.1536017 0.1482353 0.1961723 0 0.9137255 0.6934524 0 1 0.5935829 0.5719063 
6.31382 0 0 0.3052959 0.3389592 0.1461864 0.2611765 0.1028708 0 0.5019608 0.672619 0 1 0.4705882 0.4448161 
6.32804 0 0 0.2866044 0.2981716 0.1472458 0.36 0.03110048 0 0.1843137 0.6696429 0 1 0.3529412 0.3846154 
6.34269 0 0 0.2679128 0.2208157 0.1430085 0.4094118 0 0 0.09411765 0.6339286 0 1 0.3529412 0.3712375 
6.356491 0 0 0.2461059 0.1547117 0.1451271 0.3317647 0 0 0.007843138 0.4910714 0 1 0.3048128 0.2909699 
6.371604 0 0 0.2367601 0.1209564 0.1525424 0.2494118 0 0 0 0.2053571 0 1 0.3262032 0.1939799 
6.385533 0 0 0.2990654 0.137834 0.1779661 0.2376471 0 0 0 0.05654762 0 1 0.3208556 0.1605351 
6.408327 0 0 0.2803738 0.1223629 0.1567797 0.2352941 0 0 0 0.01488095 0 1 0.2941177 0.173913 
6.423237 0 0 0.2492212 0.1237693 0.1186441 0.2847059 0 0 0 0.01190476 0 1 0.2941177 0.173913 
6.43884 0 0 0.2492212 0.1237693 0.1186441 0.2847059 0 0 0 0.01488095 0 1 0.2941177 0.1638796 
6.453866 0 0 0.2087227 0.1223629 0.07627118 0.3764706 0 0 0 0.04166667 0 1 0.28877 0.180602 
6.468893 0 0 0.2024922 0.1195499 0.1069915 0.3929412 0 0 0 0.05654762 0 1 0.28877 0.2040134 
6.483679 0 0 0.1806854 0.1195499 0.1334746 0.3505882 0 0 0 0.0922619 0 1 0.2941177 0.2240803 
6.498786 0 0 0.1993769 0.1181435 0.161017 0.3341177 0 0 0 0.1130952 0 1 0.28877 0.2274248 
6.513367 0 0 0.1962617 0.1181435 0.1631356 0.3364706 0 0 0 0.1339286 0 1 0.2941177 0.2307692 
6.529313 0 0 0.1993769 0.1181435 0.1408898 0.3317647 0 0 0 0.1190476 0 1 0.3048128 0.2441472 
6.544333 0 0 0.1869159 0.1209564 0.1355932 0.3317647 0 0 0 0.1011905 0 1 0.3048128 0.2140468 
6.559638 0 0 0.1931464 0.1209564 0.1313559 0.3011765 0 0 0 0.05952381 0 1 0.2941177 0.173913 
6.574518 0 0 0.1993769 0.1223629 0.1228814 0.2635294 0 0 0 0.02083333 0 1 0.2727273 0.1304348 
6.58946 0 0 0.2056075 0.1251758 0.1101695 0.2211765 0 0 0 0 0 1 0.2620321 0.09030101 
6.613272 0 0 0.1993769 0.140647 0.1133475 0.2141176 0 0 0 0 0 1 0.2566845 0.08026756 
6.628286 0 0 0.2024922 0.1293952 0.1080508 0.2729412 0 0 0 0 0 1 0.2566845 0.09030101 
6.642372 0 0 0.211838 0.1040788 0.1027542 0.2847059 0 0 0 0 0 1 0.2673797 0.08361204 
6.656556 0.006437768 0 0.2024922 0.04781997 0.1737288 0.2541176 0 0 0 0 0 1 0.2673797 0.09030101 
6.672431 0.05793991 0 0.1931464 0.005625879 0.1652542 0.2470588 0 0 0 0 0 1 0.2780749 0.08361204 
6.686856 0.1201717 0 0.1869159 0.004219409 0.1493644 0.2682353 0 0 0 0 0 1 0.2834225 0.06688963 
6.708605 0.1566524 0 0.1775701 0.01265823 0.128178 0.2964706 0 0 0 0 0 1 0.2299465 0.05351171 
6.723769 0.1738197 0 0.165109 0.0140647 0.1239407 0.3011765 0 0 0 0 0 1 0.197861 0.04013378 
6.737659 0.1781116 0 0.1433022 0.02109705 0.1472458 0.2870588 0 0 0 0 0 1 0.1604278 0.03010033 
6.751339 0.167382 0 0.1433022 0.03094233 0.1588983 0.282353 0 0 0 0 0 1 0.1336898 0.01672241 
6.764952 0.167382 0 0.1433022 0.03094233 0.1588983 0.282353 0 0 0 0 0 1 0.144385 0.01337793 
6.7785 0.1695279 0 0.1495327 0.05625879 0.1451271 0.282353 0 0 0 0 0 1 0.1764706 0.01672241 
6.791557 0.1845494 0 0.152648 0.07594936 0.1292373 0.2752941 0.009569378 0 0 0 0 1 0.1925134 0.02341137 
6.805317 0.09227468 0 0.1370717 0.1082982 0.1197034 0.2682353 0.0430622 0 0 0 0 1 0.2032086 0.02675585 
6.82719 0.05579399 0 0.1152648 0.1195499 0.1165254 0.2588235 0.08612441 0 0 0 0 1 0.197861 0.02675585 
6.843006 0.04506438 0 0.09657321 0.1209564 0.1186441 0.24 0.1124402 0 0 0 0 1 0.1871658 0.02675585 
6.857753 0.04291845 0 0.09657321 0.1223629 0.1271186 0.2235294 0.1650718 0 0 0 0 1 0.171123 0.02341137 
6.870955 0.03862661 0 0.1028037 0.1223629 0.125 0.2070588 0.1818182 0 0 0 0 1 0.1122995 0.01672241 
6.885457 0.03004292 0 0.105919 0.1209564 0.1112288 0.2023529 0.1555024 0 0 0 0 1 0.02673797 0 
6.89896 0.02575107 0 0.1090343 0.1195499 0.09957627 0.2211765 0.1507177 0 0 0 0 1 0 0 
6.912454 0.0472103 0 0.09968847 0.1153305 0.08898305 0.2352941 0.1602871 0 0.02352941 0 0 1 0 0 
6.926185 0.0472103 0 0.09968847 0.1153305 0.08898305 0.2352941 0.1602871 0 0.02352941 0 0 1 0 0 
6.939986 0.0944206 0 0.08099689 0.09142053 0.08474576 0.2588235 0.1602871 0 0.07843138 0 0 1 0 0 
6.95329 0.04077253 0 0.04672897 0.1195499 0.07521187 0.2941177 0.15311 0 0.05098039 0 0 1 0 0 
6.967146 0.008583691 0 0.006230529 0.1265823 0.07097457 0.2870588 0.1339713 0 0 0 0 1 0 0 
6.980905 0 0 0 0.1265823 0.06673729 0.28 0.09569378 0 0 0 0 1 0 0 
6.994579 0 0 0.003115265 0.1293952 0.06461865 0.2729412 0.07416268 0 0 0 0 1 0 0 
7.016044 0 0 0.009345794 0.1322082 0.07521187 0.2517647 0.05023924 0 0 0 0 1 0.01604278 0 
7.029785 0 0 0.02180685 0.1308017 0.08050848 0.277647 0.01435407 0 0 0 0 1 0.1229947 0.01003344 
7.04546 0 0 0.03426791 0.1237693 0.09745762 0.3223529 0 0 0 0 0 1 0.1925134 0.03010033 
7.060597 0 0 0.006230529 0.1237693 0.1419491 0.2964706 0 0 0 0 0 1 0.2513369 0.05016723 
7.075612 0 0 0.01246106 0.1237693 0.154661 0.3105882 0.02392345 0 0 0 0 1 0.2620321 0.08695652 
7.088935 0 0 0.01246106 0.1237693 0.154661 0.3105882 0.02392345 0 0 0.03571429 0 1 0.2513369 0.1103679 
7.102506 0 0 0.009345794 0.1237693 0.1292373 0.2941177 0.02870813 0 0.007843138 0.05357143 0 1 0.2566845 0.1538462 
7.116247 0 0 0 0.1237693 0.1112288 0.2964706 0.04066985 0 0.01568628 0.05952381 0 1 0.2673797 0.180602 
7.13162 0 0 0 0.1237693 0.1133475 0.3035294 0.03827751 0 0.03529412 0.0625 0 1 0.2566845 0.1772575 
7.147943 0 0 0 0.1237693 0.1186441 0.2870588 0.03349282 0 0.02745098 0.05059524 0 1 0.2406417 0.1471572 
7.163615 0 0 0 0.1251758 0.1186441 0.282353 0.03349282 0 0 0.03869048 0 1 0.2352941 0.1170569 
7.178155 0 0 0 0.1237693 0.1122881 0.2870588 0.03588517 0 0 0.0297619 0 1 0.2513369 0.09698997 
7.192728 0 0 0 0.1237693 0.1122881 0.2870588 0.03588517 0 0 0.0297619 0 1 0.2513369 0.09698997 
7.207746 0 0 0 0.1237693 0.1080508 0.2964706 0.03588517 0 0 0.02083333 0 1 0.2192513 0.08026756 
7.230981 0 0 0.006230529 0.1223629 0.1112288 0.2941177 0.03827751 0 0 0.01488095 0 1 0.1657754 0.06354515 
7.24668 0 0 0.01869159 0.1209564 0.1133475 0.3035294 0.03588517 0 0 0.008928572 0 1 0.1657754 0.06354515 
7.262387 0 0 0.03115265 0.1181435 0.1144068 0.3152941 0.03349282 0 0 0.008928572 0 1 0.1871658 0.07023411 
7.278261 0 0 0.03738318 0.1181435 0.1112288 0.3129412 0.03349282 0 0 0.01488095 0 1 0.2032086 0.08026756 
7.291987 0 0 0.04049844 0.1181435 0.1038136 0.3082353 0.03110048 0 0 0.02083333 0 1 0.2245989 0.08361204 
7.311279 0 0 0.04361371 0.1195499 0.1006356 0.3035294 0.03110048 0 0 0.02083333 0 1 0.2352941 0.08695652 
7.327882 0 0 0.04672897 0.1209564 0.1059322 0.3035294 0.02870813 0 0 0.01785714 0 1 0.2406417 0.08361204 
7.341665 0 0 0.04672897 0.1209564 0.1101695 0.3082353 0.02631579 0 0 0.01488095 0 1 0.2406417 0.08361204 
7.356013 0 0 0.04672897 0.1209564 0.1080508 0.3035294 0.02631579 0 0 0.01488095 0 1 0.2459893 0.08026756 
7.369464 0 0 0.04361371 0.1209564 0.1165254 0.2941177 0.02631579 0 0 0.01785714 0 1 0.2513369 0.08026756 
7.383249 0 0 0.04361371 0.1209564 0.1165254 0.2941177 0.02631579 0 0 0.01785714 0 1 0.2513369 0.08026756 
7.39731 0 0 0.04361371 0.1223629 0.1080508 0.2847059 0.02631579 0 0 0.01190476 0 1 0.2459893 0.08026756 
7.412161 0 0 0.04361371 0.1223629 0.09533899 0.2847059 0.02631579 0 0 0.008928572 0 1 0.2406417 0.07692308 
7.42876 0 0 0.04672897 0.1223629 0.0911017 0.2941177 0.02631579 0 0 0.01785714 0 1 0.2459893 0.07692308 
7.450422 0 0 0.04984424 0.1223629 0.09851695 0.2988235 0.02392345 0 0 0.02083333 0 1 0.2513369 0.07692308 
7.464251 0 0 0.0529595 0.1223629 0.1038136 0.2988235 0.02392345 0 0 0.02083333 0 1 0.2513369 0.0735786 
7.479673 0 0 0.0529595 0.1223629 0.1006356 0.2941177 0.02392345 0 0 0.01785714 0 1 0.2459893 0.0735786 
7.493687 0 0 0.05607476 0.1237693 0.0963983 0.2917647 0.02392345 0 0 0.01190476 0 1 0.2459893 0.0735786 
7.507583 0 0 0.0529595 0.1237693 0.0963983 0.2917647 0.02392345 0 0 0.008928572 0 1 0.2406417 0.07023411 
7.522273 0 0 0.05919003 0.1237693 0.0963983 0.2917647 0.02631579 0 0 0.005952381 0 1 0.2406417 0.06688963 
7.538 0 0 0.05607476 0.1237693 0.09851695 0.2894118 0.02392345 0 0 0.002976191 0 1 0.2406417 0.06688963 
7.55144 0 0 0.05607476 0.1237693 0.09851695 0.2894118 0.02392345 0 0 0.002976191 0 1 0.2406417 0.06688963 
7.565258 0 0 0.05919003 0.1237693 0.09533899 0.2894118 0.0215311 0 0 0.002976191 0 1 0.2406417 0.06688963 
7.580393 0 0 0.05919003 0.1237693 0.09216101 0.2917647 0.02392345 0 0 0.002976191 0 1 0.2406417 0.06688963 
7.594229 0 0 0.0623053 0.1237693 0.09216101 0.2941177 0.0215311 0 0 0.002976191 0 1 0.2406417 0.06354515 
7.607665 0 0 0.05919003 0.1237693 0.09322034 0.2964706 0.02392345 0 0 0.005952381 0 1 0.2406417 0.06688963 
7.621544 0 0 0.05607476 0.1237693 0.09322034 0.3011765 0.02392345 0 0 0.008928572 0 1 0.2406417 0.06688963 
7.643326 0 0 0.05607476 0.1237693 0.0911017 0.3011765 0.02631579 0 0 0.005952381 0 1 0.2352941 0.06354515 
7.657297 0 0 0.0529595 0.1237693 0.09851695 0.3011765 0.02631579 0 0 0.002976191 0 1 0.2352941 0.06020067 
7.670668 0 0 0.04984424 0.1237693 0.09851695 0.2964706 0.02631579 0 0 0 0 1 0.2352941 0.06020067 
7.684837 0 0 0.04672897 0.1223629 0.09216101 0.2917647 0.02631579 0 0 0 0 1 0.2406417 0.06020067 
7.70005 0 0 0.04672897 0.1237693 0.09216101 0.2941177 0.02631579 0 0 0 0 1 0.2406417 0.06020067 
7.71528 0 0 0.04672897 0.1223629 0.09322034 0.2964706 0.02631579 0 0 0 0 1 0.2406417 0.06020067 
7.730068 0 0 0.04672897 0.1237693 0.09216101 0.2964706 0.02631579 0 0 0 0 1 0.2406417 0.05685619 
7.745492 0 0 0.04984424 0.1237693 0.09216101 0.2988235 0.02631579 0 0 0 0 1 0.2406417 0.05685619 
7.759446 0 0 0.04984424 0.1237693 0.09216101 0.2988235 0.02631579 0 0 0 0 1 0.2406417 0.05685619 
7.772972 0 0 0.04361371 0.1237693 0.09216101 0.3011765 0.02631579 0 0 0 0 1 0.2459893 0.05351171 
7.790301 0 0 0.04361371 0.1237693 0.0911017 0.3011765 0.02392345 0 0 0 0 1 0.2459893 0.05351171 
7.804944 0 0 0.04049844 0.1237693 0.0911017 0.3011765 0.02631579 0 0 0 0 1 0.2406417 0.05016723 
7.818743 0 0 0.04049844 0.1237693 0.09004238 0.2988235 0.02631579 0 0 0 0 1 0.2352941 0.04682274 
7.832154 0 0 0.04049844 0.1237693 0.09322034 0.2964706 0.02631579 0 0 0 0 1 0.2352941 0.04682274 
7.856362 0 0 0.04049844 0.1237693 0.1016949 0.2870588 0.02870813 0 0 0 0 1 0.2352941 0.04682274 
7.874287 0 0 0.04049844 0.1237693 0.09851695 0.277647 0.02870813 0 0 0 0 1 0.2406417 0.05016723 
